# : PIXIE 
 
# nu            Sensitivity    
 
15.00000000     2.45736142e+00 
30.00000000     2.45736142e+00 
45.00000000     2.45736142e+00 
60.00000000     2.45736142e+00 
75.00000000     2.45736142e+00 
90.00000000     2.45736142e+00 
105.00000000    2.46065106e+00 
120.00000000    2.46065106e+00 
135.00000000    2.46394070e+00 
150.00000000    2.46394070e+00 
165.00000000    2.46723034e+00 
180.00000000    2.46723034e+00 
195.00000000    2.47051998e+00 
210.00000000    2.47380962e+00 
225.00000000    2.47709926e+00 
240.00000000    2.48038890e+00 
255.00000000    2.48367854e+00 
270.00000000    2.48696818e+00 
285.00000000    2.49025782e+00 
300.00000000    2.49354746e+00 
315.00000000    2.49683710e+00 
330.00000000    2.50012674e+00 
345.00000000    2.50670602e+00 
360.00000000    2.50999566e+00 
375.00000000    2.51657494e+00 
390.00000000    2.51986458e+00 
405.00000000    2.52644386e+00 
420.00000000    2.52973350e+00 
435.00000000    2.53631279e+00 
450.00000000    2.54289207e+00 
465.00000000    2.54947135e+00 
480.00000000    2.55605063e+00 
495.00000000    2.56262991e+00 
510.00000000    2.56920919e+00 
525.00000000    2.57578847e+00 
540.00000000    2.58236775e+00 
555.00000000    2.58894703e+00 
570.00000000    2.59881595e+00 
585.00000000    2.60539524e+00 
600.00000000    2.61526416e+00 
615.00000000    2.62184344e+00 
630.00000000    2.63171236e+00 
645.00000000    2.63829164e+00 
660.00000000    2.64816056e+00 
675.00000000    2.65802948e+00 
690.00000000    2.66789840e+00 
705.00000000    2.67776733e+00 
720.00000000    2.68763625e+00 
735.00000000    2.69750517e+00 
750.00000000    2.70737409e+00 
765.00000000    2.72053265e+00 
780.00000000    2.73040157e+00 
795.00000000    2.74027049e+00 
810.00000000    2.75342906e+00 
825.00000000    2.76658762e+00 
840.00000000    2.77645654e+00 
855.00000000    2.78961510e+00 
870.00000000    2.80277366e+00 
885.00000000    2.81593222e+00 
900.00000000    2.82909079e+00 
915.00000000    2.84224935e+00 
930.00000000    2.85540791e+00 
945.00000000    2.86856647e+00 
960.00000000    2.88172503e+00 
975.00000000    2.89817324e+00 
990.00000000    2.91133180e+00 
1005.00000000   2.92778000e+00 
1020.00000000   2.94093856e+00 
1035.00000000   2.95738676e+00 
1050.00000000   2.97383497e+00 
1065.00000000   2.99028317e+00 
1080.00000000   3.00673137e+00 
1095.00000000   3.02317957e+00 
1110.00000000   3.03962777e+00 
1125.00000000   3.05607598e+00 
1140.00000000   3.07581382e+00 
1155.00000000   3.09226202e+00 
1170.00000000   3.11199986e+00 
1185.00000000   3.12844807e+00 
1200.00000000   3.14818591e+00 
1215.00000000   3.16792375e+00 
1230.00000000   3.18766159e+00 
1245.00000000   3.20739944e+00 
1260.00000000   3.22713728e+00 
1275.00000000   3.24687512e+00 
1290.00000000   3.26990261e+00 
1305.00000000   3.28964045e+00 
1320.00000000   3.32253685e+00 
1335.00000000   3.32253685e+00 
1350.00000000   3.35543326e+00 
1365.00000000   3.38832966e+00 
1380.00000000   3.38832966e+00 
1395.00000000   3.42122607e+00 
1410.00000000   3.45412247e+00 
1425.00000000   3.48701888e+00 
1440.00000000   3.48701888e+00 
1455.00000000   3.51991528e+00 
1470.00000000   3.55281168e+00 
1485.00000000   3.58570809e+00 
1500.00000000   3.58570809e+00 
1515.00000000   3.61860449e+00 
1530.00000000   3.65150090e+00 
1545.00000000   3.68439730e+00 
1560.00000000   3.71729371e+00 
1575.00000000   3.75019011e+00 
1590.00000000   3.75019011e+00 
1605.00000000   3.78308652e+00 
1620.00000000   3.81598292e+00 
1635.00000000   3.84887932e+00 
1650.00000000   3.88177573e+00 
1665.00000000   3.91467213e+00 
1680.00000000   3.94756854e+00 
1695.00000000   3.98046494e+00 
1710.00000000   4.01336135e+00 
1725.00000000   4.04625775e+00 
1740.00000000   4.07915416e+00 
1755.00000000   4.11205056e+00 
1770.00000000   4.14494697e+00 
1785.00000000   4.17784337e+00 
1800.00000000   4.21073977e+00 
1815.00000000   4.24363618e+00 
1830.00000000   4.27653258e+00 
1845.00000000   4.30942899e+00 
1860.00000000   4.34232539e+00 
1875.00000000   4.37522180e+00 
1890.00000000   4.44101461e+00 
1905.00000000   4.47391101e+00 
1920.00000000   4.50680741e+00 
1935.00000000   4.53970382e+00 
1950.00000000   4.57260022e+00 
1965.00000000   4.63839303e+00 
1980.00000000   4.67128944e+00 
1995.00000000   4.70418584e+00 
2010.00000000   4.73708225e+00 
2025.00000000   4.80287505e+00 
2040.00000000   4.83577146e+00 
2055.00000000   4.86866786e+00 
2070.00000000   4.93446067e+00 
2085.00000000   4.96735708e+00 
2100.00000000   5.03314989e+00 
2115.00000000   5.06604629e+00 
2130.00000000   5.09894270e+00 
2145.00000000   5.16473550e+00 
2160.00000000   5.19763191e+00 
2175.00000000   5.26342472e+00 
2190.00000000   5.29632112e+00 
2205.00000000   5.36211393e+00 
2220.00000000   5.42790674e+00 
2235.00000000   5.46080314e+00 
2250.00000000   5.52659595e+00 
2265.00000000   5.55949236e+00 
2280.00000000   5.62528517e+00 
2295.00000000   5.69107798e+00 
2310.00000000   5.75687079e+00 
2325.00000000   5.78976719e+00 
2340.00000000   5.85556000e+00 
2355.00000000   5.92135281e+00 
2370.00000000   5.98714562e+00 
2385.00000000   6.02004202e+00 
2400.00000000   6.08583483e+00 
2415.00000000   6.15162764e+00 
2430.00000000   6.21742045e+00 
2445.00000000   6.28321326e+00 
2460.00000000   6.34900607e+00 
2475.00000000   6.41479887e+00 
2490.00000000   6.48059168e+00 
2505.00000000   6.54638449e+00 
2520.00000000   6.61217730e+00 
2535.00000000   6.67797011e+00 
2550.00000000   6.74376292e+00 
2565.00000000   6.80955573e+00 
2580.00000000   6.90824494e+00 
2595.00000000   6.97403775e+00 
2610.00000000   7.03983056e+00 
2625.00000000   7.10562337e+00 
2640.00000000   7.20431258e+00 
2655.00000000   7.27010539e+00 
2670.00000000   7.33589820e+00 
2685.00000000   7.43458741e+00 
2700.00000000   7.50038022e+00 
2715.00000000   7.59906944e+00 
2730.00000000   7.66486225e+00 
2745.00000000   7.76355146e+00 
2760.00000000   7.82934427e+00 
2775.00000000   7.92803348e+00 
2790.00000000   8.02672269e+00 
2805.00000000   8.09251550e+00 
2820.00000000   8.19120472e+00 
2835.00000000   8.28989393e+00 
2850.00000000   8.38858314e+00 
2865.00000000   8.45437595e+00 
2880.00000000   8.55306517e+00 
2895.00000000   8.65175438e+00 
2910.00000000   8.75044359e+00 
2925.00000000   8.84913281e+00 
2940.00000000   8.94782202e+00 
2955.00000000   9.04651123e+00 
2970.00000000   9.14520045e+00 
2985.00000000   9.24388966e+00 
